[[[ 19  30  34]
  [ 19  30  34]
  [ 21  32  36]
  ...
  [ 36  36  36]
  [ 36  36  36]
  [ 36  36  36]]

 [[ 20  30  34]
  [ 20  31  35]
  [ 22  33  37]
  ...
  [ 36  36  36]
  [ 36  36  36]
  [ 36  36  36]]

 [[ 22  31  36]
  [ 23  32  36]
  [ 25  33  38]
  ...
  [ 35  35  34]
  [ 35  35  35]
  [ 35  35  35]]

 ...

 [[ 32  37  37]
  [ 31  37  36]
  [ 30  35  34]
  ...
  [ 92 102  90]
  [ 88  98  85]
  [ 87  97  84]]

 [[ 31  37  36]
  [ 30  36  35]
  [ 29  34  33]
  ...
  [ 99 110  97]
  [ 92 102  90]
  [ 90 100  87]]

 [[ 31  37  36]
  [ 30  36  35]
  [ 28  33  33]
  ...
  [102 112 100]
  [ 94 104  91]
  [ 91 101  88]]]